from_stop_id,to_stop_id,transfer_type,min_transfer_time
1498,1499,2,7200
3479,1201,2,25200
682,2171,2,7200
2171,682,2,7200
468,505,2,7200
505,468,2,7200
1495,418,2,7200
2043,1029,2,7200
1029,2043,2,7200
1988,418,2,7200
418,1988,2,7200
418,1495,2,7200
705,735,2,7200
18,28,2,7200
28,18,2,7200
1863,1862,2,7200
1862,1863,2,7200
411,1162,2,7200
1162,411,2,7200
1877,1865,2,7200
1878,1864,2,7200
1865,1877,2,7200
1864,1878,2,7200
1030,1423,2,7200
1499,1498,2,7200
3117,3188,2,7200
3188,3117,2,7200
3796,641,2,7200
641,3796,2,7200
735,705,2,7200
1835,408,2,7200
3823,1563,2,7200
3823,1388,2,7200
1563,3823,2,7200
1388,3823,2,7200
1563,3828,2,7200
1388,3828,2,7200
3828,1563,2,7200
3828,1388,2,7200
989,1007,2,7200
989,837,2,7200
1007,989,2,7200
1000,1067,2,7200
1067,1000,2,7200
3412,1038,2,7200
1028,1103,2,7200
3828,3823,2,7200
3823,3828,2,7200
3189,3171,2,7200
3171,3189,2,7200
1176,3761,2,7200
1176,2053,2,7200
509,3643,2,7200
3643,496,2,7200
3624,3167,2,7200
3167,3624,2,7200
3425,3508,2,7200
3119,3129,2,7200
3129,3119,2,7200
964,989,2,7200
837,989,2,7200
989,964,2,7200
1287,1284,2,7200
1284,1287,2,7200
875,933,2,7200
933,875,2,7200
385,1031,2,7200
1031,385,2,7200
949,853,2,7200
853,949,2,7200
425,1766,2,7200
1766,425,2,7200
1318,1355,2,7200
601,658,2,7200
658,601,2,7200
2367,339,2,7200
339,2367,2,7200
933,1411,2,7200
875,1411,2,7200
875,1394,2,7200
933,1394,2,7200
3263,3264,2,7200
3264,3263,2,7200
1092,4336,2,7200
1092,4335,2,7200
2032,4335,2,7200
2032,4336,2,7200
4307,3646,2,7200
1022,2780,2,7200
1411,875,2,7200
1394,875,2,7200
1394,933,2,7200
1411,933,2,7200
557,595,2,7200
595,557,2,7200
1355,1318,2,7200
1049,1081,2,14400
1081,1049,2,14400
3473,3542,2,7200
3542,3473,2,7200
3438,3477,2,14400
3477,3438,2,14400
2815,1186,2,7200
1186,2815,2,7200
1423,1030,2,7200
797,787,2,7200
801,780,2,7200
781,1779,2,7200
4017,1103,2,7200
16,6,2,7200
6,16,2,7200
3887,661,2,7200
3148,3147,2,7200
787,797,2,7200
780,801,2,7200
1779,781,2,7200
1103,4017,2,7200
4074,1285,0,
3147,3148,2,7200
3959,3215,2,7200
1878,406,2,18000
406,1878,2,18000
4050,532,2,7200
532,4050,2,7200
3136,3317,2,14400
3317,3136,2,14400
1201,3479,2,25200
3265,564,2,7200
564,3265,2,7200
1859,393,2,7200
743,758,2,7200
758,743,2,7200
3862,1435,2,14400
1435,3862,2,14400
3076,579,2,7200
4283,579,2,7200
579,3076,2,7200
4283,3076,2,7200
579,4283,2,7200
3076,4283,2,7200
3958,4277,2,14400
4277,3958,2,14400
445,451,2,7200
451,445,2,7200
3380,4001,2,25200
1132,1138,2,7200
1138,1132,2,7200
1388,1563,2,7200
1563,1388,2,7200
1522,1523,2,7200
1523,1522,2,7200
1070,4284,2,7200
2027,4284,2,7200
4284,1070,2,7200
1025,2,2,7200
1237,1025,2,7200
2,1025,2,7200
1237,1018,2,7200
2,1018,2,7200
1018,1237,2,7200
1025,1237,2,7200
1018,2,2,7200
2,1237,2,7200
1983,3167,2,7200
913,3235,2,7200
3235,913,2,7200
3519,3966,2,25200
3966,3519,2,25200
4151,4166,0,
3686,131,2,7200
131,3686,2,7200
1411,1394,2,7200
1394,1411,2,7200
4167,4159,0,
4167,4152,0,
4152,4167,0,
4159,4167,0,
4166,4161,0,
4166,4151,0,
4161,4166,0,
496,3643,2,7200
4162,4166,0,
4166,4162,0,
4088,3981,2,7200
3903,384,2,7200
384,3903,2,7200
2297,978,2,7200
978,2297,2,7200
3373,1106,2,7200
601,3373,2,7200
1106,658,2,7200
3373,601,2,7200
1106,601,2,7200
3373,658,2,7200
1106,3373,2,7200
1038,3412,2,7200
1081,972,2,7200
830,1081,2,7200
830,1049,2,7200
972,1049,2,7200
1049,830,2,7200
1081,830,2,7200
1049,972,2,7200
972,1081,2,7200
3196,787,2,7200
1018,1025,2,7200
1025,1018,2,7200
948,854,2,7200
854,948,2,7200
972,830,2,7200
942,3723,2,7200
3723,942,2,7200
2027,1070,2,7200
1264,1304,2,7200
1304,1264,2,7200
2470,469,2,7200
2123,2118,2,7200
3896,4214,2,7200
990,3277,2,7200
1906,1913,2,7200
1276,4374,2,7200
579,576,2,7200
684,690,2,7200
4143,3944,2,7200
575,578,2,7200
4419,1175,2,7200
3756,4441,2,7200
577,4353,2,7200
1076,1054,2,7200
830,971,2,7200
2040,3893,2,7200
1070,1060,2,7200
469,2470,2,7200
2118,2123,2,7200
4214,3896,2,7200
3277,990,2,7200
1913,1906,2,7200
4374,1276,2,7200
576,579,2,7200
690,684,2,7200
3944,4143,2,7200
578,575,2,7200
1175,4419,2,7200
4441,3756,2,7200
426,423,2,7200
3819,4273,2,7200
4273,3819,2,7200
390,720,2,14400
3332,4388,2,7200
4353,577,2,7200
1054,1076,2,7200
971,830,2,7200
3893,2040,2,7200
1060,1070,2,7200
780,629,2,7200
629,780,2,7200
629,1779,2,7200
964,1007,2,7200
964,837,2,14400
1007,964,2,7200
1007,837,2,7200
990,964,2,14400
990,837,2,14400
837,964,2,14400
837,1007,2,7200
4393,889,2,7200
919,4393,2,7200
919,889,2,7200
4370,3264,2,7200
3263,565,2,7200
1237,2174,2,7200
3479,3966,2,25200
3479,3519,2,25200
1201,3519,2,25200
3380,4227,2,25200
3380,4446,2,25200
4001,4227,2,25200
4001,4446,2,25200
4227,3380,2,25200
4446,3380,2,25200
4227,4001,2,25200
4446,4001,2,25200
3380,3519,2,25200
4227,3479,2,25200
4274,3819,2,14400
3761,1176,2,7200
3761,2053,2,7200
3723,1132,2,7200
4284,1060,2,7200
3522,1497,2,7200
1553,1499,2,7200
3264,4370,2,7200
565,3263,2,7200
2174,1237,2,7200
2053,3761,2,7200
1070,2027,2,7200
1060,4284,2,7200
1499,1553,2,7200
1318,1356,2,14400
1356,1318,2,14400
4418,4423,2,7200
4423,4418,2,7200
4158,4468,2,36000
4468,4158,2,36000
1356,2035,2,7200
2035,1356,2,7200
1497,3522,2,7200
4274,4273,2,14400
1277,4273,2,7200
1277,3819,2,7200
3819,4274,2,14400
3819,1277,2,7200
4273,1277,2,7200
4273,4274,2,14400
1754,1756,1,
1754,1752,1,
1754,1753,1,
1755,1756,1,
1755,1752,1,
1755,1753,1,
1756,1755,1,
1752,1754,1,
1753,1754,1,
4065,4057,1,
4065,4055,1,
4066,4055,1,
4054,4066,1,
4065,4066,1,
4057,4066,1,
4057,4065,1,
4066,4065,1,
3099,3098,1,
1752,1753,1,
1756,1753,1,
4066,4057,1,
4065,2785,1,
4066,2785,1,
4066,78,1,
4066,4054,1,
4065,4054,1,
3098,3099,1,
4065,78,1,
1755,1754,1,
1756,1754,1,
1752,1755,1,
1754,1755,1,
78,4055,1,
4059,4055,1,
4060,4055,1,
4057,4059,1,
4058,4059,1,
4054,4059,1,
2785,4059,1,
78,4059,1,
4066,4059,1,
4058,4060,1,
4054,4060,1,
78,4060,1,
4066,4060,1,
4055,4060,1,
4059,4060,1,
4061,4060,1,
78,4061,1,
4055,4061,1,
4059,4061,1,
4060,4061,1,
4073,3943,1,
4073,4071,1,
2785,78,1,
3097,3096,1,
3098,3096,1,
3100,3096,1,
3099,3096,1,
3096,3099,1,
3096,3097,1,
3098,3097,1,
3100,3097,1,
3099,3097,1,
3097,3099,1,
3100,3099,1,
3097,3100,1,
3096,3100,1,
3098,3100,1,
3099,3100,1,
4055,4057,1,
4059,4057,1,
4060,4057,1,
4061,4057,1,
4058,4057,1,
4054,4057,1,
4057,78,1,
4059,4054,1,
4060,4054,1,
4061,4054,1,
4057,4058,1,
78,4057,1,
4055,4058,1,
4059,4058,1,
4060,4058,1,
4061,4058,1,
3096,3098,1,
3097,3098,1,
3100,3098,1,
4055,78,1,
4059,78,1,
4060,78,1,
4061,78,1,
4060,4066,1,
4061,4066,1,
4054,4058,1,
2785,4058,1,
78,4058,1,
4066,4058,1,
4057,4054,1,
4058,4054,1,
78,4054,1,
4159,4152,1,
4152,4159,1,
4055,4059,1,
4060,4059,1,
4055,4054,1,
4059,2785,1,
4060,2785,1,
4061,2785,1,
4162,4151,1,
4151,4161,1,
4162,4161,1,
4057,2785,1,
4058,2785,1,
4054,2785,1,
78,2785,1,
4055,2785,1,
4161,4162,1,
4151,4162,1,
4161,4151,1,
4058,78,1,
4054,78,1,
4061,4055,1,
4058,4066,1,
4059,4066,1,
4061,4059,1,
4057,4055,1,
4058,4055,1,
4054,4055,1,
4071,4073,1,
3943,4073,1,
4071,3943,1,
1756,1752,1,
1753,1752,1,
4052,4058,1,
4056,4058,1,
4052,4054,1,
4056,4054,1,
4052,4059,1,
4056,4059,1,
4052,4055,1,
4056,4055,1,
4058,4052,1,
4054,4052,1,
4057,4052,1,
4066,4052,1,
4061,4052,1,
4056,4052,1,
4065,4052,1,
4052,4057,1,
4056,4057,1,
4052,2785,1,
4056,2785,1,
4052,4066,1,
4056,4066,1,
4052,4060,1,
4056,4060,1,
4058,4061,1,
4052,78,1,
4056,78,1,
4066,4061,1,
4052,4061,1,
4056,4061,1,
4065,4061,1,
4059,4056,1,
4055,4056,1,
4060,4056,1,
4061,4056,1,
4052,4056,1,
1752,1756,1,
4061,4065,1,
4052,4065,1,
4056,4065,1,
4368,4366,1,
4367,4366,1,
4366,4367,1,
4366,217,1,
4368,217,1,
4367,217,1,
4066,4056,1,
4366,4368,1,
4367,4368,1,
2785,4056,1,
4065,4056,1,
4054,4056,1,
4058,4056,1,
4057,4056,1,
217,4368,1,
78,4056,1,
78,4065,1,
4058,4065,1,
4054,4065,1,
4059,4065,1,
4055,4065,1,
4060,4065,1,
2785,4065,1,
